

------ NEW TRANSFER FRAME ------


192    2  168    0    0    0  132    0    0    0    0    1    1    1    1    1    1    1    1    1    1    1    1    1    1    1    1    1    1    1    1    1  
  1    1    1    1    1    1    1    1    1    1    1    1    1    1    1    1    1    1    1    1    1    1    1    1    1    1    1    1    1    1    1    1  
  1    1    1    1    1    1    1    1    1    1    1    1    1    1    1    1    1    1    1    1    1    1    1    1    1    1    1    1    1    1    1    1  
  1    1    1    1    1    1    1    1    1    1    1    1    1    1    1    1    1    1    1    1    1    1    1    1    1    1    1    1    1    1    1    1  
  1    1    1    1    1    1    1    1    1    1    1    0    0    0    0    0    0    0    0    0    0    0    0    0    0    0    0    0    0    0    0    0  
  0    0    0    0    0    0    0    0    0    0    0    0    0    0    0    0    0    0    0    0    0    0    0    0    0    0    0    0    0    0    0    0  
  0    0    0    0    0    0    0    0    0    0    0    0    0    0    0    0    0    0    0    0    0    0    0    0    0    0    0    0    0    0    0    0  
  0    0    0    0    0    0    0    0    0    0    0    0    0    0    0    0    0    0    0    0    0    0    0    0    0    0    0    0    0    0    0    0  
  0    0    0    0    0    0    0    0    0    0    0    0    0    0    0    0    0    0    0    0    0    0    0    0    0    0    0    0    0    0    0    0  
  0    0    0    0    0    0    0    0    0    0    0    0    0    0    0    0    0    0    0    0    0    0    0    0    0    0    0    0    0    0    0    0  
  0    0    0    0    0    0    0    0    0    0    0    0    0    0    0    0    0    0    0    0    0    0    0    0    0    0    0    0    0    0    0    0  
  0    0    0    0    0    0    0    0    0    0    0    0    0    0    0    0    0    0    0    0    0    0    0    0    0    0    0    0    0    0    0    0  
  0    0    0    0    0    0    0    0    0    0    0    0    0    0    0    0    0    0    0    0    0    0    0    0    0    0    0    0    0    0    0    0  
  0    0    0    0    0    0    0    0    0    0    0    0    0    0    0    0    0    0    0    0    0    0    0    0    0    0    0    0    0    0    0    0  
  0    0    0    0    0    0    0    0    0    0    0    0    0    0    0    0    0    0    0    0    0    0    0    0    0    0    0    0    0    0    0    0  
  0    0    0    0    0    0    0    0    0    0    0    0    0    0    0    0    0    0    0    0    0    0    0    0    0    0    0    0    0    0    0    0  
  0    0    0    0    0    0    0    0    0    0    0    0    0    0    0    0    0    0    0    0    0    0    0    0    0    0    0    0    0    0    0    0  
  0    0    0    0    0    0    0    0    0    0    0    0    0    0    0    0    0    0    0    0    0    0    0    0    0    0    0    0    0    0    0    0  
  0    0    0    0    0    0    0    0    0    0    0    0    0    0    0    0    0    0    0    0    0    0    0    0    0    0    0    0    0    0    0    0  
  0    0    0    0    0    0    0    0    0    0    0    0    0    0    0    0    0    0    0    0    0    0    0    0    0    0    0    0    0    0    0    0  
  0    0    0    0    0    0    0    0    0    0    0    0    0    0    0    0    0    0    0    0    0    0    0    0    0    0    0    0    0    0    0    0  
  0    0    0    0    0    0    0    0    0    0    0    0    0    0    0    0    0    0    0    0    0    0    0    0    0    0    0    0    0    0    0    0  
  0    0    0    0    0    0    0    0    0    0    0    0    0    0    0    0    0    0    0    0    0    0    0    0    0    0    0    0    0    0    0    0  
  0    0    0    0    0    0    0    0    0    0    0    0    0    0    0    0    0    0    0    0    0    0    0    0    0    0    0    0    0    0    0    0  
  0    0    0    0    0    0    0    0    0    0    0    0    0    0    0    0    0    0    0    0    0    0    0    0    0    0    0    0    0    0    0    0  
  0    0    0    0    0    0    0    0    0    0    0    0    0    0    0    0    0    0    0    0    0    0    0    0    0    0    0    0    0    0    0    0  
  0    0    0    0    0    0    0    0    0    0    0    0    0    0    0    0    0    0    0    0    0    0    0    0    0    0    0    0    0    0    0    0  
  0    0    0    0    0    0    0    0    0    0    0    0    0    0    0    0    0    0    0    0    0    0    0    0    0    0    0    0    0    0    0    0  
  0    0    0    0    0    0    0    0    0    0    0    0    0    0    0    0    0    0    0    0    0    0    0    0    0    0    0    0    0    0    0    0  
  0    0    0    0    0    0    0    0    0    0    0    0    0    0    0    0    0    0    0    0    0    0    0    0    0    0    0    0    0    0    0    0  
  0    0    0    0    0    0    0    0    0    0    0    0    0    0    0    0    0    0    0    0    0    0    0    0    0    0    0    0    0    0    0    0  
  0    0    0    0    0    0    0    0    0    0    0    0    0    0    0    0    0    0    0    0    0    0    0    0    0    0    0    0    4    0    5    0  

------ NEW TRANSFER FRAME ------


192    2  168    0    0    0  132    1    0    0    0    2    2    2    2    2    2    2    2    2    2    2    2    2    2    2    2    2    2    2    2    2  
  2    2    2    2    2    2    2    2    2    2    2    2    2    2    2    2    2    2    2    2    2    2    2    2    2    2    2    2    2    2    2    2  
  2    2    2    2    2    2    2    2    2    2    2    2    2    2    2    2    2    2    2    2    2    2    2    2    2    2    2    2    2    2    2    2  
  2    2    2    2    2    2    2    2    2    2    2    2    2    2    2    2    2    2    2    2    2    2    2    2    2    2    2    2    2    2    2    2  
  2    2    2    2    2    2    2    2    2    2    2    0    0    0    0    0    0    0    0    0    0    0    0    0    0    0    0    0    0    0    0    0  
  0    0    0    0    0    0    0    0    0    0    0    0    0    0    0    0    0    0    0    0    0    0    0    0    0    0    0    0    0    0    0    0  
  0    0    0    0    0    0    0    0    0    0    0    0    0    0    0    0    0    0    0    0    0    0    0    0    0    0    0    0    0    0    0    0  
  0    0    0    0    0    0    0    0    0    0    0    0    0    0    0    0    0    0    0    0    0    0    0    0    0    0    0    0    0    0    0    0  
  0    0    0    0    0    0    0    0    0    0    0    0    0    0    0    0    0    0    0    0    0    0    0    0    0    0    0    0    0    0    0    0  
  0    0    0    0    0    0    0    0    0    0    0    0    0    0    0    0    0    0    0    0    0    0    0    0    0    0    0    0    0    0    0    0  
  0    0    0    0    0    0    0    0    0    0    0    0    0    0    0    0    0    0    0    0    0    0    0    0    0    0    0    0    0    0    0    0  
  0    0    0    0    0    0    0    0    0    0    0    0    0    0    0    0    0    0    0    0    0    0    0    0    0    0    0    0    0    0    0    0  
  0    0    0    0    0    0    0    0    0    0    0    0    0    0    0    0    0    0    0    0    0    0    0    0    0    0    0    0    0    0    0    0  
  0    0    0    0    0    0    0    0    0    0    0    0    0    0    0    0    0    0    0    0    0    0    0    0    0    0    0    0    0    0    0    0  
  0    0    0    0    0    0    0    0    0    0    0    0    0    0    0    0    0    0    0    0    0    0    0    0    0    0    0    0    0    0    0    0  
  0    0    0    0    0    0    0    0    0    0    0    0    0    0    0    0    0    0    0    0    0    0    0    0    0    0    0    0    0    0    0    0  
  0    0    0    0    0    0    0    0    0    0    0    0    0    0    0    0    0    0    0    0    0    0    0    0    0    0    0    0    0    0    0    0  
  0    0    0    0    0    0    0    0    0    0    0    0    0    0    0    0    0    0    0    0    0    0    0    0    0    0    0    0    0    0    0    0  
  0    0    0    0    0    0    0    0    0    0    0    0    0    0    0    0    0    0    0    0    0    0    0    0    0    0    0    0    0    0    0    0  
  0    0    0    0    0    0    0    0    0    0    0    0    0    0    0    0    0    0    0    0    0    0    0    0    0    0    0    0    0    0    0    0  
  0    0    0    0    0    0    0    0    0    0    0    0    0    0    0    0    0    0    0    0    0    0    0    0    0    0    0    0    0    0    0    0  
  0    0    0    0    0    0    0    0    0    0    0    0    0    0    0    0    0    0    0    0    0    0    0    0    0    0    0    0    0    0    0    0  
  0    0    0    0    0    0    0    0    0    0    0    0    0    0    0    0    0    0    0    0    0    0    0    0    0    0    0    0    0    0    0    0  
  0    0    0    0    0    0    0    0    0    0    0    0    0    0    0    0    0    0    0    0    0    0    0    0    0    0    0    0    0    0    0    0  
  0    0    0    0    0    0    0    0    0    0    0    0    0    0    0    0    0    0    0    0    0    0    0    0    0    0    0    0    0    0    0    0  
  0    0    0    0    0    0    0    0    0    0    0    0    0    0    0    0    0    0    0    0    0    0    0    0    0    0    0    0    0    0    0    0  
  0    0    0    0    0    0    0    0    0    0    0    0    0    0    0    0    0    0    0    0    0    0    0    0    0    0    0    0    0    0    0    0  
  0    0    0    0    0    0    0    0    0    0    0    0    0    0    0    0    0    0    0    0    0    0    0    0    0    0    0    0    0    0    0    0  
  0    0    0    0    0    0    0    0    0    0    0    0    0    0    0    0    0    0    0    0    0    0    0    0    0    0    0    0    0    0    0    0  
  0    0    0    0    0    0    0    0    0    0    0    0    0    0    0    0    0    0    0    0    0    0    0    0    0    0    0    0    0    0    0    0  
  0    0    0    0    0    0    0    0    0    0    0    0    0    0    0    0    0    0    0    0    0    0    0    0    0    0    0    0    0    0    0    0  
  0    0    0    0    0    0    0    0    0    0    0    0    0    0    0    0    0    0    0    0    0    0    0    0    0    0    0    0    4    0    5    0  

------ NEW TRANSFER FRAME ------


192    2  168   32    0    0  132    0    0    0    0   17   17   17   17   17   17   17   17   17   17   17   17   17   17   17   17   17   17   17   17   17  
 17   17   17   17   17   17   17   17   17   17   17   17   17   17   17   17   17   17   17   17   17   17   17   17   17   17   17   17   17   17   17   17  
 17   17   17   17   17   17   17   17   17   17   17   17   17   17   17   17   17   17   17   17   17   17   17   17   17   17   17   17   17   17   17   17  
 17   17   17   17   17   17   17   17   17   17   17   17   17   17   17   17   17   17   17   17   17   17   17   17   17   17   17   17   17   17   17   17  
 17   17   17   17   17   17   17   17   17   17   17   17   17   17   17   17   17   17   17   17   17   17   17   17   17   17   17   17   17   17   17   17  
 17   17   17   17   17   17   17   17   17   17   17   17   17   17   17   17   17   17   17   17   17   17   17   17   17   17   17   17   17   17   17   17  
 17   17   17   17   17   17   17   17   17   17   17   17   17   17   17   17   17   17   17   17   17   17   17   17   17   17   17   17   17   17   17   17  
 17   17   17   17   17   17   17   17   17   17   17   17   17   17   17   17   17   17   17   17   17   17   17   17   17   17   17   17   17   17   17   17  
 17   17   17   17   17   17   17   17   17   17   17   17   17   17   17   17   17   17   17   17   17   17   17   17   17   17   17   17   17   17   17   17  
 17   17   17   17   17   17   17   17   17   17   17   17   17   17   17   17   17   17   17   17   17   17   17   17   17   17   17   17   17   17   17   17  
 17   17   17   17   17   17   17   17   17   17   17   17   17   17   17   17   17   17   17   17   17   17   17   17   17   17   17   17   17   17   17   17  
 17   17   17   17   17   17   17   17   17   17   17   17   17   17   17   17   17   17   17   17   17   17   17   17   17   17   17   17   17   17   17   17  
 17   17   17   17   17   17   17   17   17   17   17   17   17   17   17   17   17   17   17   17   17   17   17   17   17   17   17   17   17   17   17   17  
 17   17   17   17   17   17   17   17   17   17   17   17   17   17   17   17   17   17   17   17   17   17   17   17   17   17   17   17   17   17   17   17  
 17   17   17   17   17   17   17   17   17   17   17   17   17   17   17   17   17   17   17   17   17   17   17   17   17   17   17   17   17   17   17   17  
 17   17   17   17   17   17   17   17   17   17   17   17   17   17   17   17   17   17   17   17   17   17   17   17   17   17   17   17   17   17   17   17  
 17   17   17   17   17   17   17   17   17   17   17   18   18   18   18   18   18   18   18   18   18   18   18   18   18   18   18   18   18   18   18   18  
 18   18   18   18   18   18   18   18   18   18   18   18   18   18   18   18   18   18   18   18   18   18   18   18   18   18   18   18   18   18   18   18  
 18   18   18   18   18   18   18   18   18   18   18   18   18   18   18   18   18   18   18   18   18   18   18   18   18   18   18   18   18   18   18   18  
 18   18   18   18   18   18   18   18   18   18   18   18   18   18   18   18   18   18   18   18   18   18   18   18   18   18   18   18   18   18   18   18  
 18   18   18   18   18   18   18   18   18   18   18   18   18   18   18   18   18   18   18   18   18   18   18   18   18   18   18   18   18   18   18   18  
 18   18   18   18   18   18   18   18   18   18   18   18   18   18   18   18   18   18   18   18   18   18   18   18   18   18   18   18   18   18   18   18  
 18   18   18   18   18   18   18   18   18   18   18   18   18   18   18   18   18   18   18   18   18   18   18   18   18   18   18   18   18   18   18   18  
 18   18   18   18   18   18   18   18   18   18   18   18   18   18   18   18   18   18   18   18   18   18   18   18   18   18   18   18   18   18   18   18  
 18   18   18   18   18   18   18   18   18   18   18   18   18   18   18   18   18   18   18   18   18   18   18   18   18   18   18   18   18   18   18   18  
 18   18   18   18   18   18   18   18   18   18   18   18   18   18   18   18   18   18   18   18   18   18   18   18   18   18   18   18   18   18   18   18  
 18   18   18   18   18   18   18   18   18   18   18   18   18   18   18   18   18   18   18   18   18   18   18   18   18   18   18   18   18   18   18   18  
 18   18   18   18   18   18   18   18   18   18   18   18   18   18   18   18   18   18   18   18   18   18   18   18   18   18   18   18   18   18   18   18  
 18   18   18   18   18   18   18   18   18   18   18   18   18   18   18   18   18   18   18   18   18   18   18   18   18   18   18   18   18   18   18   18  
 18   18   18   18   18   18   18   18   18   18   18   18   18   18   18   18   18   18   18   18   18   18   18   18   18   18   18   18   18   18   18   18  
 18   18   18   18   18   18   18   18   18   18   18   18   18   18   18   18   18   18   18   18   18   18   18   18   18   18   18   18   18   18   18   18  
 18   18   18   18   18   18   18   18   18   18   18   18   18   18   18   18   18   18   18   18   18   18   18   18   18   18   18   18    4    0    5    0  

------ NEW TRANSFER FRAME ------


192    2  168    0    0    0  132    2    0    0    0    3    3    3    3    3    3    3    3    3    3    3    3    3    3    3    3    3    3    3    3    3  
  3    3    3    3    3    3    3    3    3    3    3    3    3    3    3    3    3    3    3    3    3    3    3    3    3    3    3    3    3    3    3    3  
  3    3    3    3    3    3    3    3    3    3    3    3    3    3    3    3    3    3    3    3    3    3    3    3    3    3    3    3    3    3    3    3  
  3    3    3    3    3    3    3    3    3    3    3    3    3    3    3    3    3    3    3    3    3    3    3    3    3    3    3    3    3    3    3    3  
  3    3    3    3    3    3    3    3    3    3    3    0    0    0    0    0    0    0    0    0    0    0    0    0    0    0    0    0    0    0    0    0  
  0    0    0    0    0    0    0    0    0    0    0    0    0    0    0    0    0    0    0    0    0    0    0    0    0    0    0    0    0    0    0    0  
  0    0    0    0    0    0    0    0    0    0    0    0    0    0    0    0    0    0    0    0    0    0    0    0    0    0    0    0    0    0    0    0  
  0    0    0    0    0    0    0    0    0    0    0    0    0    0    0    0    0    0    0    0    0    0    0    0    0    0    0    0    0    0    0    0  
  0    0    0    0    0    0    0    0    0    0    0    0    0    0    0    0    0    0    0    0    0    0    0    0    0    0    0    0    0    0    0    0  
  0    0    0    0    0    0    0    0    0    0    0    0    0    0    0    0    0    0    0    0    0    0    0    0    0    0    0    0    0    0    0    0  
  0    0    0    0    0    0    0    0    0    0    0    0    0    0    0    0    0    0    0    0    0    0    0    0    0    0    0    0    0    0    0    0  
  0    0    0    0    0    0    0    0    0    0    0    0    0    0    0    0    0    0    0    0    0    0    0    0    0    0    0    0    0    0    0    0  
  0    0    0    0    0    0    0    0    0    0    0    0    0    0    0    0    0    0    0    0    0    0    0    0    0    0    0    0    0    0    0    0  
  0    0    0    0    0    0    0    0    0    0    0    0    0    0    0    0    0    0    0    0    0    0    0    0    0    0    0    0    0    0    0    0  
  0    0    0    0    0    0    0    0    0    0    0    0    0    0    0    0    0    0    0    0    0    0    0    0    0    0    0    0    0    0    0    0  
  0    0    0    0    0    0    0    0    0    0    0    0    0    0    0    0    0    0    0    0    0    0    0    0    0    0    0    0    0    0    0    0  
  0    0    0    0    0    0    0    0    0    0    0    0    0    0    0    0    0    0    0    0    0    0    0    0    0    0    0    0    0    0    0    0  
  0    0    0    0    0    0    0    0    0    0    0    0    0    0    0    0    0    0    0    0    0    0    0    0    0    0    0    0    0    0    0    0  
  0    0    0    0    0    0    0    0    0    0    0    0    0    0    0    0    0    0    0    0    0    0    0    0    0    0    0    0    0    0    0    0  
  0    0    0    0    0    0    0    0    0    0    0    0    0    0    0    0    0    0    0    0    0    0    0    0    0    0    0    0    0    0    0    0  
  0    0    0    0    0    0    0    0    0    0    0    0    0    0    0    0    0    0    0    0    0    0    0    0    0    0    0    0    0    0    0    0  
  0    0    0    0    0    0    0    0    0    0    0    0    0    0    0    0    0    0    0    0    0    0    0    0    0    0    0    0    0    0    0    0  
  0    0    0    0    0    0    0    0    0    0    0    0    0    0    0    0    0    0    0    0    0    0    0    0    0    0    0    0    0    0    0    0  
  0    0    0    0    0    0    0    0    0    0    0    0    0    0    0    0    0    0    0    0    0    0    0    0    0    0    0    0    0    0    0    0  
  0    0    0    0    0    0    0    0    0    0    0    0    0    0    0    0    0    0    0    0    0    0    0    0    0    0    0    0    0    0    0    0  
  0    0    0    0    0    0    0    0    0    0    0    0    0    0    0    0    0    0    0    0    0    0    0    0    0    0    0    0    0    0    0    0  
  0    0    0    0    0    0    0    0    0    0    0    0    0    0    0    0    0    0    0    0    0    0    0    0    0    0    0    0    0    0    0    0  
  0    0    0    0    0    0    0    0    0    0    0    0    0    0    0    0    0    0    0    0    0    0    0    0    0    0    0    0    0    0    0    0  
  0    0    0    0    0    0    0    0    0    0    0    0    0    0    0    0    0    0    0    0    0    0    0    0    0    0    0    0    0    0    0    0  
  0    0    0    0    0    0    0    0    0    0    0    0    0    0    0    0    0    0    0    0    0    0    0    0    0    0    0    0    0    0    0    0  
  0    0    0    0    0    0    0    0    0    0    0    0    0    0    0    0    0    0    0    0    0    0    0    0    0    0    0    0    0    0    0    0  
  0    0    0    0    0    0    0    0    0    0    0    0    0    0    0    0    0    0    0    0    0    0    0    0    0    0    0    0    4    0    5    0  

------ NEW TRANSFER FRAME ------


192    2  168    0    0    0  132    3    0    0    0    4    4    4    4    4    4    4    4    4    4    4    4    4    4    4    4    4    4    4    4    4  
  4    4    4    4    4    4    4    4    4    4    4    4    4    4    4    4    4    4    4    4    4    4    4    4    4    4    4    4    4    4    4    4  
  4    4    4    4    4    4    4    4    4    4    4    4    4    4    4    4    4    4    4    4    4    4    4    4    4    4    4    4    4    4    4    4  
  4    4    4    4    4    4    4    4    4    4    4    4    4    4    4    4    4    4    4    4    4    4    4    4    4    4    4    4    4    4    4    4  
  4    4    4    4    4    4    4    4    4    4    4    0    0    0    0    0    0    0    0    0    0    0    0    0    0    0    0    0    0    0    0    0  
  0    0    0    0    0    0    0    0    0    0    0    0    0    0    0    0    0    0    0    0    0    0    0    0    0    0    0    0    0    0    0    0  
  0    0    0    0    0    0    0    0    0    0    0    0    0    0    0    0    0    0    0    0    0    0    0    0    0    0    0    0    0    0    0    0  
  0    0    0    0    0    0    0    0    0    0    0    0    0    0    0    0    0    0    0    0    0    0    0    0    0    0    0    0    0    0    0    0  
  0    0    0    0    0    0    0    0    0    0    0    0    0    0    0    0    0    0    0    0    0    0    0    0    0    0    0    0    0    0    0    0  
  0    0    0    0    0    0    0    0    0    0    0    0    0    0    0    0    0    0    0    0    0    0    0    0    0    0    0    0    0    0    0    0  
  0    0    0    0    0    0    0    0    0    0    0    0    0    0    0    0    0    0    0    0    0    0    0    0    0    0    0    0    0    0    0    0  
  0    0    0    0    0    0    0    0    0    0    0    0    0    0    0    0    0    0    0    0    0    0    0    0    0    0    0    0    0    0    0    0  
  0    0    0    0    0    0    0    0    0    0    0    0    0    0    0    0    0    0    0    0    0    0    0    0    0    0    0    0    0    0    0    0  
  0    0    0    0    0    0    0    0    0    0    0    0    0    0    0    0    0    0    0    0    0    0    0    0    0    0    0    0    0    0    0    0  
  0    0    0    0    0    0    0    0    0    0    0    0    0    0    0    0    0    0    0    0    0    0    0    0    0    0    0    0    0    0    0    0  
  0    0    0    0    0    0    0    0    0    0    0    0    0    0    0    0    0    0    0    0    0    0    0    0    0    0    0    0    0    0    0    0  
  0    0    0    0    0    0    0    0    0    0    0    0    0    0    0    0    0    0    0    0    0    0    0    0    0    0    0    0    0    0    0    0  
  0    0    0    0    0    0    0    0    0    0    0    0    0    0    0    0    0    0    0    0    0    0    0    0    0    0    0    0    0    0    0    0  
  0    0    0    0    0    0    0    0    0    0    0    0    0    0    0    0    0    0    0    0    0    0    0    0    0    0    0    0    0    0    0    0  
  0    0    0    0    0    0    0    0    0    0    0    0    0    0    0    0    0    0    0    0    0    0    0    0    0    0    0    0    0    0    0    0  
  0    0    0    0    0    0    0    0    0    0    0    0    0    0    0    0    0    0    0    0    0    0    0    0    0    0    0    0    0    0    0    0  
  0    0    0    0    0    0    0    0    0    0    0    0    0    0    0    0    0    0    0    0    0    0    0    0    0    0    0    0    0    0    0    0  
  0    0    0    0    0    0    0    0    0    0    0    0    0    0    0    0    0    0    0    0    0    0    0    0    0    0    0    0    0    0    0    0  
  0    0    0    0    0    0    0    0    0    0    0    0    0    0    0    0    0    0    0    0    0    0    0    0    0    0    0    0    0    0    0    0  
  0    0    0    0    0    0    0    0    0    0    0    0    0    0    0    0    0    0    0    0    0    0    0    0    0    0    0    0    0    0    0    0  
  0    0    0    0    0    0    0    0    0    0    0    0    0    0    0    0    0    0    0    0    0    0    0    0    0    0    0    0    0    0    0    0  
  0    0    0    0    0    0    0    0    0    0    0    0    0    0    0    0    0    0    0    0    0    0    0    0    0    0    0    0    0    0    0    0  
  0    0    0    0    0    0    0    0    0    0    0    0    0    0    0    0    0    0    0    0    0    0    0    0    0    0    0    0    0    0    0    0  
  0    0    0    0    0    0    0    0    0    0    0    0    0    0    0    0    0    0    0    0    0    0    0    0    0    0    0    0    0    0    0    0  
  0    0    0    0    0    0    0    0    0    0    0    0    0    0    0    0    0    0    0    0    0    0    0    0    0    0    0    0    0    0    0    0  
  0    0    0    0    0    0    0    0    0    0    0    0    0    0    0    0    0    0    0    0    0    0    0    0    0    0    0    0    0    0    0    0  
  0    0    0    0    0    0    0    0    0    0    0    0    0    0    0    0    0    0    0    0    0    0    0    0    0    0    0    0    4    0    5    0  

------ NEW TRANSFER FRAME ------


192    2  168   32    0    0  132    1    0    0    0   18   18   18   18   18   18   18   18   18   18   18   18   18   18   18   19   19   19   19   19   19  
 19   19   19   19   19   19   19   19   19   19   19   19   19   19   19   19   19   19   19   19   19   19   19   19   19   19   19   19   19   19   19   19  
 19   19   19   19   19   19   19   19   19   19   19   19   19   19   19   19   19   19   19   19   19   19   19   19   19   19   19   19   19   19   19   19  
 19   19   19   19   19   19   19   19   19   19   19   19   19   19   19   19   19   19   19   19   19   19   19   19   19   19   19   19   19   19   19   19  
 19   19   19   19   19   19   19   19   19   19   19   19   19   19   19   19   19   19   19   19   19   19   19   19   19   19   19   19   19   19   19   19  
 19   19   19   19   19   19   19   19   19   19   19   19   19   19   19   19   19   19   19   19   19   19   19   19   19   19   19   19   19   19   19   19  
 19   19   19   19   19   19   19   19   19   19   19   19   19   19   19   19   19   19   19   19   19   19   19   19   19   19   19   19   19   19   19   19  
 19   19   19   19   19   19   19   19   19   19   19   19   19   19   19   19   19   19   19   19   19   19   19   19   19   19   19   19   19   19   19   19  
 19   19   19   19   19   19   19   19   19   19   19   19   19   19   19   19   19   19   19   19   19   19   19   19   19   19   19   19   19   19   19   19  
 19   19   19   19   19   19   19   19   19   19   19   19   19   19   19   19   19   19   19   19   19   19   19   19   19   19   19   19   19   19   19   19  
 19   19   19   19   19   19   19   19   19   19   19   19   19   19   19   19   19   19   19   19   19   19   19   19   19   19   19   19   19   19   19   19  
 19   19   19   19   19   19   19   19   19   19   19   19   19   19   19   19   19   19   19   19   19   19   19   19   19   19   19   19   19   19   19   19  
 19   19   19   19   19   19   19   19   19   19   19   19   19   19   19   19   19   19   19   19   19   19   19   19   19   19   19   19   19   19   19   19  
 19   19   19   19   19   19   19   19   19   19   19   19   19   19   19   19   19   19   19   19   19   19   19   19   19   19   19   19   19   19   19   19  
 19   19   19   19   19   19   19   19   19   19   19   19   19   19   19   19   19   19   19   19   19   19   19   19   19   19   19   19   19   19   19   19  
 19   19   19   19   19   19   19   19   19   19   19   19   19   19   19   19   19   19   19   19   19   19   19   19   19   19   19   19   19   19   19   19  
 19   19   19   19   19   19   19   19   19   19   19   19   19   19   19   19   19   19   19   19   19   19   19   19   19   19   20   20   20   20   20   20  
 20   20   20   20   20   20   20   20   20   20   20   20   20   20   20   20   20   20   20   20   20   20   20   20   20   20   20   20   20   20   20   20  
 20   20   20   20   20   20   20   20   20   20   20   20   20   20   20   20   20   20   20   20   20   20   20   20   20   20   20   20   20   20   20   20  
 20   20   20   20   20   20   20   20   20   20   20   20   20   20   20   20   20   20   20   20   20   20   20   20   20   20   20   20   20   20   20   20  
 20   20   20   20   20   20   20   20   20   20   20   20   20   20   20   20   20   20   20   20   20   20   20   20   20   20   20   20   20   20   20   20  
 20   20   20   20   20   20   20   20   20   20   20   20   20   20   20   20   20   20   20   20   20   20   20   20   20   20   20   20   20   20   20   20  
 20   20   20   20   20   20   20   20   20   20   20   20   20   20   20   20   20   20   20   20   20   20   20   20   20   20   20   20   20   20   20   20  
 20   20   20   20   20   20   20   20   20   20   20   20   20   20   20   20   20   20   20   20   20   20   20   20   20   20   20   20   20   20   20   20  
 20   20   20   20   20   20   20   20   20   20   20   20   20   20   20   20   20   20   20   20   20   20   20   20   20   20   20   20   20   20   20   20  
 20   20   20   20   20   20   20   20   20   20   20   20   20   20   20   20   20   20   20   20   20   20   20   20   20   20   20   20   20   20   20   20  
 20   20   20   20   20   20   20   20   20   20   20   20   20   20   20   20   20   20   20   20   20   20   20   20   20   20   20   20   20   20   20   20  
 20   20   20   20   20   20   20   20   20   20   20   20   20   20   20   20   20   20   20   20   20   20   20   20   20   20   20   20   20   20   20   20  
 20   20   20   20   20   20   20   20   20   20   20   20   20   20   20   20   20   20   20   20   20   20   20   20   20   20   20   20   20   20   20   20  
 20   20   20   20   20   20   20   20   20   20   20   20   20   20   20   20   20   20   20   20   20   20   20   20   20   20   20   20   20   20   20   20  
 20   20   20   20   20   20   20   20   20   20   20   20   20   20   20   20   20   20   20   20   20   20   20   20   20   20   20   20   20   20   20   20  
 20   20   20   20   20   20   20   20   20   20   20   20   20   20   20   20   20   20   20   20   20   20   20   20   20   20   20   20    4    0    5    0  

------ NEW TRANSFER FRAME ------


192    2  168    0    0    0  132    4    0    0    0    5    5    5    5    5    5    5    5    5    5    5    5    5    5    5    5    5    5    5    5    5  
  5    5    5    5    5    5    5    5    5    5    5    5    5    5    5    5    5    5    5    5    5    5    5    5    5    5    5    5    5    5    5    5  
  5    5    5    5    5    5    5    5    5    5    5    5    5    5    5    5    5    5    5    5    5    5    5    5    5    5    5    5    5    5    5    5  
  5    5    5    5    5    5    5    5    5    5    5    5    5    5    5    5    5    5    5    5    5    5    5    5    5    5    5    5    5    5    5    5  
  5    5    5    5    5    5    5    5    5    5    5    0    0    0    0    0    0    0    0    0    0    0    0    0    0    0    0    0    0    0    0    0  
  0    0    0    0    0    0    0    0    0    0    0    0    0    0    0    0    0    0    0    0    0    0    0    0    0    0    0    0    0    0    0    0  
  0    0    0    0    0    0    0    0    0    0    0    0    0    0    0    0    0    0    0    0    0    0    0    0    0    0    0    0    0    0    0    0  
  0    0    0    0    0    0    0    0    0    0    0    0    0    0    0    0    0    0    0    0    0    0    0    0    0    0    0    0    0    0    0    0  
  0    0    0    0    0    0    0    0    0    0    0    0    0    0    0    0    0    0    0    0    0    0    0    0    0    0    0    0    0    0    0    0  
  0    0    0    0    0    0    0    0    0    0    0    0    0    0    0    0    0    0    0    0    0    0    0    0    0    0    0    0    0    0    0    0  
  0    0    0    0    0    0    0    0    0    0    0    0    0    0    0    0    0    0    0    0    0    0    0    0    0    0    0    0    0    0    0    0  
  0    0    0    0    0    0    0    0    0    0    0    0    0    0    0    0    0    0    0    0    0    0    0    0    0    0    0    0    0    0    0    0  
  0    0    0    0    0    0    0    0    0    0    0    0    0    0    0    0    0    0    0    0    0    0    0    0    0    0    0    0    0    0    0    0  
  0    0    0    0    0    0    0    0    0    0    0    0    0    0    0    0    0    0    0    0    0    0    0    0    0    0    0    0    0    0    0    0  
  0    0    0    0    0    0    0    0    0    0    0    0    0    0    0    0    0    0    0    0    0    0    0    0    0    0    0    0    0    0    0    0  
  0    0    0    0    0    0    0    0    0    0    0    0    0    0    0    0    0    0    0    0    0    0    0    0    0    0    0    0    0    0    0    0  
  0    0    0    0    0    0    0    0    0    0    0    0    0    0    0    0    0    0    0    0    0    0    0    0    0    0    0    0    0    0    0    0  
  0    0    0    0    0    0    0    0    0    0    0    0    0    0    0    0    0    0    0    0    0    0    0    0    0    0    0    0    0    0    0    0  
  0    0    0    0    0    0    0    0    0    0    0    0    0    0    0    0    0    0    0    0    0    0    0    0    0    0    0    0    0    0    0    0  
  0    0    0    0    0    0    0    0    0    0    0    0    0    0    0    0    0    0    0    0    0    0    0    0    0    0    0    0    0    0    0    0  
  0    0    0    0    0    0    0    0    0    0    0    0    0    0    0    0    0    0    0    0    0    0    0    0    0    0    0    0    0    0    0    0  
  0    0    0    0    0    0    0    0    0    0    0    0    0    0    0    0    0    0    0    0    0    0    0    0    0    0    0    0    0    0    0    0  
  0    0    0    0    0    0    0    0    0    0    0    0    0    0    0    0    0    0    0    0    0    0    0    0    0    0    0    0    0    0    0    0  
  0    0    0    0    0    0    0    0    0    0    0    0    0    0    0    0    0    0    0    0    0    0    0    0    0    0    0    0    0    0    0    0  
  0    0    0    0    0    0    0    0    0    0    0    0    0    0    0    0    0    0    0    0    0    0    0    0    0    0    0    0    0    0    0    0  
  0    0    0    0    0    0    0    0    0    0    0    0    0    0    0    0    0    0    0    0    0    0    0    0    0    0    0    0    0    0    0    0  
  0    0    0    0    0    0    0    0    0    0    0    0    0    0    0    0    0    0    0    0    0    0    0    0    0    0    0    0    0    0    0    0  
  0    0    0    0    0    0    0    0    0    0    0    0    0    0    0    0    0    0    0    0    0    0    0    0    0    0    0    0    0    0    0    0  
  0    0    0    0    0    0    0    0    0    0    0    0    0    0    0    0    0    0    0    0    0    0    0    0    0    0    0    0    0    0    0    0  
  0    0    0    0    0    0    0    0    0    0    0    0    0    0    0    0    0    0    0    0    0    0    0    0    0    0    0    0    0    0    0    0  
  0    0    0    0    0    0    0    0    0    0    0    0    0    0    0    0    0    0    0    0    0    0    0    0    0    0    0    0    0    0    0    0  
  0    0    0    0    0    0    0    0    0    0    0    0    0    0    0    0    0    0    0    0    0    0    0    0    0    0    0    0    4    0    5    0  

------ NEW TRANSFER FRAME ------


192    2  168   32    0    0  132    2    0    0    0   20   20   20   20   20   20   20   20   20   20   20   20   20   20   20   20   20   20   20   20   20  
 20   20   20   20   20   20   20   20   20   21   21   21   21   21   21   21   21   21   21   21   21   21   21   21   21   21   21   21   21   21   21   21  
 21   21   21   21   21   21   21   21   21   21   21   21   21   21   21   21   21   21   21   21   21   21   21   21   21   21   21   21   21   21   21   21  
 21   21   21   21   21   21   21   21   21   21   21   21   21   21   21   21   21   21   21   21   21   21   21   21   21   21   21   21   21   21   21   21  
 21   21   21   21   21   21   21   21   21   21   21   21   21   21   21   21   21   21   21   21   21   21   21   21   21   21   21   21   21   21   21   21  
 21   21   21   21   21   21   21   21   21   21   21   21   21   21   21   21   21   21   21   21   21   21   21   21   21   21   21   21   21   21   21   21  
 21   21   21   21   21   21   21   21   21   21   21   21   21   21   21   21   21   21   21   21   21   21   21   21   21   21   21   21   21   21   21   21  
 21   21   21   21   21   21   21   21   21   21   21   21   21   21   21   21   21   21   21   21   21   21   21   21   21   21   21   21   21   21   21   21  
 21   21   21   21   21   21   21   21   21   21   21   21   21   21   21   21   21   21   21   21   21   21   21   21   21   21   21   21   21   21   21   21  
 21   21   21   21   21   21   21   21   21   21   21   21   21   21   21   21   21   21   21   21   21   21   21   21   21   21   21   21   21   21   21   21  
 21   21   21   21   21   21   21   21   21   21   21   21   21   21   21   21   21   21   21   21   21   21   21   21   21   21   21   21   21   21   21   21  
 21   21   21   21   21   21   21   21   21   21   21   21   21   21   21   21   21   21   21   21   21   21   21   21   21   21   21   21   21   21   21   21  
 21   21   21   21   21   21   21   21   21   21   21   21   21   21   21   21   21   21   21   21   21   21   21   21   21   21   21   21   21   21   21   21  
 21   21   21   21   21   21   21   21   21   21   21   21   21   21   21   21   21   21   21   21   21   21   21   21   21   21   21   21   21   21   21   21  
 21   21   21   21   21   21   21   21   21   21   21   21   21   21   21   21   21   21   21   21   21   21   21   21   21   21   21   21   21   21   21   21  
 21   21   21   21   21   21   21   21   21   21   21   21   21   21   21   21   21   21   21   21   21   21   21   21   21   21   21   21   21   21   21   21  
 21   21   21   21   21   21   21   21   21   21   21   21   21   21   21   21   21   21   21   21   21   21   21   21   21   21   21   21   21   21   21   21  
 21   21   21   21   21   21   21   21   21    0    0    0    0    0    0    0    0    0    0    0    0    0    0    0    0    0    0    0    0    0    0    0  
  0    0    0    0    0    0    0    0    0    0    0    0    0    0    0    0    0    0    0    0    0    0    0    0    0    0    0    0    0    0    0    0  
  0    0    0    0    0    0    0    0    0    0    0    0    0    0    0    0    0    0    0    0    0    0    0    0    0    0    0    0    0    0    0    0  
  0    0    0    0    0    0    0    0    0    0    0    0    0    0    0    0    0    0    0    0    0    0    0    0    0    0    0    0    0    0    0    0  
  0    0    0    0    0    0    0    0    0    0    0    0    0    0    0    0    0    0    0    0    0    0    0    0    0    0    0    0    0    0    0    0  
  0    0    0    0    0    0    0    0    0    0    0    0    0    0    0    0    0    0    0    0    0    0    0    0    0    0    0    0    0    0    0    0  
  0    0    0    0    0    0    0    0    0    0    0    0    0    0    0    0    0    0    0    0    0    0    0    0    0    0    0    0    0    0    0    0  
  0    0    0    0    0    0    0    0    0    0    0    0    0    0    0    0    0    0    0    0    0    0    0    0    0    0    0    0    0    0    0    0  
  0    0    0    0    0    0    0    0    0    0    0    0    0    0    0    0    0    0    0    0    0    0    0    0    0    0    0    0    0    0    0    0  
  0    0    0    0    0    0    0    0    0    0    0    0    0    0    0    0    0    0    0    0    0    0    0    0    0    0    0    0    0    0    0    0  
  0    0    0    0    0    0    0    0    0    0    0    0    0    0    0    0    0    0    0    0    0    0    0    0    0    0    0    0    0    0    0    0  
  0    0    0    0    0    0    0    0    0    0    0    0    0    0    0    0    0    0    0    0    0    0    0    0    0    0    0    0    0    0    0    0  
  0    0    0    0    0    0    0    0    0    0    0    0    0    0    0    0    0    0    0    0    0    0    0    0    0    0    0    0    0    0    0    0  
  0    0    0    0    0    0    0    0    0    0    0    0    0    0    0    0    0    0    0    0    0    0    0    0    0    0    0    0    0    0    0    0  
  0    0    0    0    0    0    0    0    0    0    0    0    0    0    0    0    0    0    0    0    0    0    0    0    0    0    0    0    4    0    5    0  

------ NEW TRANSFER FRAME ------


192    2  168   64    0    0  132    0    0    0    0   33   33   33   33   33   33   33   33   33   33   33   33   33   33   33   33   33   33   33   33   33  
 33   33   33   33   33   33   33   33   33   33   33   33   33   33   33   33   33   33   33   33   33   33   33   33   33   33   33   33   33   33   33   33  
 33   33   33   33   33   33   33   33   33   33   33   33   33   33   33   33   33   33   33   33   33   33   33   33   33   33   33   33   33   33   33   33  
 33   33   33   33   33   33   33   33   33   33   33   33   33   33   33   33   33   33   33   33   33   33   33   33   33   33   33   33   33   33   33   33  
 33   33   33   33   33   33   33   33   33   33   33   34   34   34   34   34   34   34   34   34   34   34   34   34   34   34   34   34   34   34   34   34  
 34   34   34   34   34   34   34   34   34   34   34   34   34   34   34   34   34   34   34   34   34   34   34   34   34   34   34   34   34   34   34   34  
 34   34   34   34   34   34   34   34   34   34   34   34   34   34   34   34   34   34   34   34   34   34   34   34   34   34   34   34   34   34   34   34  
 34   34   34   34   34   34   34   34   34   34   34   34   34   34   34   34   34   34   34   34   34   34   34   34   34   34   34   34   34   34   34   34  
 34   34   34   34   34   34   34   34   34   34   34   35   35   35   35   35   35   35   35   35   35   35   35   35   35   35   35   35   35   35   35   35  
 35   35   35   35   35   35   35   35   35   35   35   35   35   35   35   35   35   35   35   35   35   35   35   35   35   35   35   35   35   35   35   35  
 35   35   35   35   35   35   35   35   35   35   35   35   35   35   35   35   35   35   35   35   35   35   35   35   35   35   35   35   35   35   35   35  
 35   35   35   35   35   35   35   35   35   35   35   35   35   35   35   35   35   35   35   35   35   35   35   35   35   35   35   35   35   35   35   35  
 35   35   35   35   35   35   35   35   35   35   35   36   36   36   36   36   36   36   36   36   36   36   36   36   36   36   36   36   36   36   36   36  
 36   36   36   36   36   36   36   36   36   36   36   36   36   36   36   36   36   36   36   36   36   36   36   36   36   36   36   36   36   36   36   36  
 36   36   36   36   36   36   36   36   36   36   36   36   36   36   36   36   36   36   36   36   36   36   36   36   36   36   36   36   36   36   36   36  
 36   36   36   36   36   36   36   36   36   36   36   36   36   36   36   36   36   36   36   36   36   36   36   36   36   36   36   36   36   36   36   36  
 36   36   36   36   36   36   36   36   36   36   36   37   37   37   37   37   37   37   37   37   37   37   37   37   37   37   37   37   37   37   37   37  
 37   37   37   37   37   37   37   37   37   37   37   37   37   37   37   37   37   37   37   37   37   37   37   37   37   37   37   37   37   37   37   37  
 37   37   37   37   37   37   37   37   37   37   37   37   37   37   37   37   37   37   37   37   37   37   37   37   37   37   37   37   37   37   37   37  
 37   37   37   37   37   37   37   37   37   37   37   37   37   37   37   37   37   37   37   37   37   37   37   37   37   37   37   37   37   37   37   37  
 37   37   37   37   37   37   37   37   37   37   37    0    0    0    0    0    0    0    0    0    0    0    0    0    0    0    0    0    0    0    0    0  
  0    0    0    0    0    0    0    0    0    0    0    0    0    0    0    0    0    0    0    0    0    0    0    0    0    0    0    0    0    0    0    0  
  0    0    0    0    0    0    0    0    0    0    0    0    0    0    0    0    0    0    0    0    0    0    0    0    0    0    0    0    0    0    0    0  
  0    0    0    0    0    0    0    0    0    0    0    0    0    0    0    0    0    0    0    0    0    0    0    0    0    0    0    0    0    0    0    0  
  0    0    0    0    0    0    0    0    0    0    0    0    0    0    0    0    0    0    0    0    0    0    0    0    0    0    0    0    0    0    0    0  
  0    0    0    0    0    0    0    0    0    0    0    0    0    0    0    0    0    0    0    0    0    0    0    0    0    0    0    0    0    0    0    0  
  0    0    0    0    0    0    0    0    0    0    0    0    0    0    0    0    0    0    0    0    0    0    0    0    0    0    0    0    0    0    0    0  
  0    0    0    0    0    0    0    0    0    0    0    0    0    0    0    0    0    0    0    0    0    0    0    0    0    0    0    0    0    0    0    0  
  0    0    0    0    0    0    0    0    0    0    0    0    0    0    0    0    0    0    0    0    0    0    0    0    0    0    0    0    0    0    0    0  
  0    0    0    0    0    0    0    0    0    0    0    0    0    0    0    0    0    0    0    0    0    0    0    0    0    0    0    0    0    0    0    0  
  0    0    0    0    0    0    0    0    0    0    0    0    0    0    0    0    0    0    0    0    0    0    0    0    0    0    0    0    0    0    0    0  
  0    0    0    0    0    0    0    0    0    0    0    0    0    0    0    0    0    0    0    0    0    0    0    0    0    0    0    0    4    0    5    0  